0
0.000447046 
0.000277702 
0.00112329 
0.00101091 
0.00190513 
0.00323189 
0.000429112 
0.00127866 
0.000525977 
0.00098794 
0.000994202 
0.00187324 
0.00210049 
0.000526328 
0.000738163 
0.00102284 
0.00517707 
0.00803445 
0.00276056 
0.000345554 
0.00235297 
0.00038261 
0.00158899 
0.000418238 
0.000855539 
0.00047607 
0.00125247 
0.00172536 
0.000682794 
0.000770364 
0.00117574 
0.002304 
0.00144413 
0.000962768 
0.00209292 
0.00155822 
0.00691448 
0.000653699 
0.00213674 
0.00111474 
0.00803121 
0.00442016 
0.000210121 
0.00110897 
0.000678074 
0.00177324 
0.000100072 
0.00121803 
0.00213174 
0.00082301 
0.000766341 
0.000251871 
0.00144837 
0.00249115 
0.000151318 
0.000456847 
0.00154866 
0.00294891 
0.00775294 
0.0127471 
0.000239737 
0.00125001 
2.62763e-05 
0.00133587 
0.000308558 
0.00132827 
0.000217009 
0.00207711 
0.000243183 
0.000952115 
0.0031601 
0.000800053 
0.0266941 
0.0278247 
0.00109795 
0.000995815 
0.000799192 
0.000969069 
0.000677098 
0.000359766 
0.000770096 
0.00103213 
0.000281658 
0.00198988 
0.00108679 
0.00116202 
0.00076138 
0.000834752 
0.000558622 
0.00290033 
0.000579968 
0.00015685 
0.00111303 
0.00139138 
0.0106813 
0.00636214 
0.00186941 
0.00185252 
0.00274053 
0.00304685 
0.000543404 
0.00225537 
0.00122239 
0.00117018 
0.00332589 
0.000838276 
0.00142816 
0.00128163 
0.00122411 
0.000250846 
0.000367243 
0.000982616 
0.000793841 
0.00101575 
0.000189222 
0.0011294 
0.000764042 
0.00163792 
0.00273525 
0.00271244 
0.00137788 
0.00107067 
0.00283676 
0.001973 
0.000123814 
0.000973202 
9.36836e-05 
0.00107166 
0.00168083 
0.00040951 
0.00166333 
0.0013565 
0.000323411 
0.0017969 
0.0017206 
0.00259507 
0.0025478 
0.000342775 
0.00170816 
0.000945143 
0.000451829 
0.00153887 
0.000542387 
0.000890419 
0.0213605 
