-0.00391005  -0.0028692  -0.00176948  -0.145855  -0.0215823  0.0623326  
-0.00381548  -0.00272561  -0.00168501  -0.14596  0.00746211  0.130942  
-0.00413354  -0.00261715  -0.00197766  -0.15946  -0.00256815  0.131167  
-0.00392848  -0.00261715  -0.00168501  -0.161997  -0.0215274  0.114024  
-0.00328938  -0.00283712  -0.00180953  -0.156216  -0.0215828  0.105353  
-0.00382738  -0.0028465  -0.00211998  -0.16251  0.0188178  0.143271  
-0.00348816  -0.00292621  -0.00168501  -0.146051  -0.0275421  0.122982  
-0.00346314  -0.00292621  -0.00159369  -0.146058  -0.0275376  0.0806231  
-0.00361373  -0.00267621  -0.00183334  -0.158909  -0.027566  0.121739  
-0.00361274  -0.00267621  -0.00168501  -0.153353  -0.0123509  0.121739  
-0.00382738  -0.00283457  -0.00168501  -0.146046  0.00217886  0.114255  
-0.00382738  -0.00267621  -0.00168501  -0.153758  -0.0275348  0.127335  
-0.00310767  -0.00323254  -0.00168501  -0.153623  -0.0218955  0.0814635  
-0.00365194  -0.00287795  -0.00168501  -0.162309  0.00830329  0.13135  
-0.00333071  -0.00292879  -0.00158581  -0.162309  -0.027505  0.126202  
-0.00308558  -0.00313742  -0.00168501  -0.142085  -0.0243886  0.108834  
-0.00341722  -0.00292879  -0.00168501  -0.149964  -0.00430516  0.134671  
-0.00214283  -0.00424101  -0.00204886  -0.117024  0.0357082  -0.0705813  
-0.00220149  -0.00387074  -0.00116244  -0.0794749  -0.0183523  -0.0967494  
-0.00329011  -0.00262047  -0.00113565  -0.0835438  -0.00706062  0.0899541  
-0.002893  -0.00237047  -0.00113565  -0.0898975  -0.0114189  0.0799465  
-0.00273275  -0.00288601  -0.00104621  -0.0999364  0.0217543  0.11789  
-0.00255325  -0.00279964  -0.00113565  -0.0999304  -0.0114217  0.135043  
-0.00269951  -0.00279964  -0.00113565  -0.0999304  -0.0304995  0.132531  
-0.00303268  -0.00279964  -0.00113565  -0.102949  -0.030529  0.169706  
-0.0029309  -0.00279964  -0.00113565  -0.0999304  -0.0305367  0.149893  
-0.00359859  -0.00215228  -0.00113565  -0.105656  -0.0232286  0.1771  
-0.00300371  -0.00240228  -0.00113565  -0.0963658  -0.0468414  0.147842  
-0.00339144  -0.00261015  -0.00138565  -0.0990913  0.00141368  0.149859  
-0.00291089  -0.00245997  -0.00113565  -0.107105  -0.0109383  0.190592  
-0.00254847  -0.0022466  -0.00113565  -0.109424  -0.018524  0.202829  
-0.00315376  -0.00233459  -0.00113565  -0.109406  -0.0467681  0.230273  
-0.00290171  -0.0018656  -0.000823165  -0.100783  -0.0428097  0.198627  
-0.00291302  -0.00211036  -0.000822193  -0.0968159  -0.0333027  0.215438  
-0.00255466  -0.00211119  -0.000822193  -0.0986941  -0.016544  0.179911  
-0.00305014  -0.00245997  -0.000822193  -0.0902345  -0.00245051  0.186689  
-0.00374576  -0.00283869  -0.000360598  -0.0281163  -0.0074857  0.099747  
-0.00274657  -0.00258698  8.02667e-05  -0.0200841  -0.00152098  0.0997167  
-0.00317181  -0.00210792  -0.000468783  -0.0200975  0.0295365  0.114884  
-0.00282137  -0.00227892  -0.000212005  -0.0200887  -0.00153029  0.125763  
-0.00265676  -0.00217033  -0.000335638  -0.0268932  -0.0292114  0.118161  
-0.00376857  -0.00193863  -0.000657291  -0.0445617  0.0277044  0.165387  
-0.0030436  -0.0017842  -0.000398589  -0.0292896  -0.0143096  0.147201  
-0.00317608  -0.00174329  -0.000336687  -0.0248146  -0.0110261  0.147154  
-0.00274713  -0.00193863  -0.000157787  -0.0256468  0.00718766  0.147178  
-0.00321134  -0.00193863  -0.000157787  -0.0327248  0.000593942  0.164869  
-0.00215435  -0.0013014  -0.000157787  -0.0479014  -0.0266733  0.185766  
-0.0020956  -0.00176757  -0.000157787  -0.0202735  0.0244958  0.187978  
-0.00221688  -0.00179525  -0.000157787  -0.0379623  -0.0300481  0.197999  
-0.00280958  -0.00152931  -1.38025e-06  -0.0380004  0.00363419  0.187957  
-0.00280958  -0.00214077  -0.000157787  -0.0379578  -0.0235818  0.1615  
-0.00317184  -0.00214077  -0.000407787  -0.0242903  -0.00344503  0.162616  
-0.00280958  -0.00182307  -0.000157787  -0.0269802  -0.011891  0.192682  
-0.00195123  -0.00126982  -0.000157787  -0.0380125  -0.00136611  0.194904  
-0.00252565  -0.0017492  -0.00022257  -0.027486  -0.0181794  0.183084  
-0.0022721  -0.00157481  -0.000157787  -0.0247899  -0.0169144  0.184544  
-0.00263833  -0.00157482  -0.000157787  -0.0172416  -0.0117893  0.194874  
-0.00190828  -0.00157482  -0.000157787  -0.0216519  -0.0113953  0.200228  
-0.00285042  -0.00185439  -0.000767664  -0.0190326  0.0191767  0.135148  
0.000749557  0.000268482  0.000624997  0.087248  -0.005996  -0.266249  
-0.00257173  0.000905527  0.00111502  0.0517495  0.0134036  -0.00624174  
-0.00232453  0.000905527  0.000735539  0.0517296  0.0286762  0.0546586  
-0.00259241  0.000905527  0.000544862  0.0517196  -0.00519223  0.0764081  
-0.00226089  0.000905527  0.000841269  0.0517126  -0.0148897  0.0596547  
-0.0023518  0.00054954  0.000724852  0.0517483  0.0193554  0.0889206  
-0.00226089  0.000946708  0.000816169  0.0517317  -0.00518548  0.0898352  
-0.00209842  0.00112742  0.00113785  0.0517242  -0.00518674  0.0783637  
-0.00251089  0.000523933  0.000678912  0.0517453  0.00017896  0.0572712  
-0.00161937  0.000847257  0.00129252  0.0341079  -0.00519859  0.057276  
-0.00161023  0.000890122  0.00113785  0.0341256  -0.00517273  0.0611523  
-0.00228198  0.000423552  0.00113785  0.0340527  -0.014813  0.0573186  
0.00177788  0.00140659  0.00113785  0.0341085  -0.00505518  -0.0410949  
-0.00209212  0.000534239  0.000776343  0.0341099  0.0103778  0.0584329  
-0.00198886  0.00140659  0.000736162  0.0179911  -0.0263693  0.0225612  
-0.00234965  0.00140659  0.00063963  0.0255439  0.0180797  0.0346706  
-0.00198886  0.00140659  0.000639631  0.00276743  -0.0115984  0.0569858  
0.00218718  0.00140659  0.000889631  0.0221906  0.023831  -0.0342101  
-0.00184349  0.00165659  0.000639631  0.0271492  0.0292974  0.0346678  
-0.00150266  0.00140659  0.00107008  0.0261045  -0.00223717  0.0568354  
0.00237022  0.00140659  0.000702131  0.0216538  0.0177276  -0.0244446  
-0.00137284  0.000219619  0.000962163  0.0159986  0.00412308  0.107606  
-0.00105098  0.000319576  0.00111938  0.0226447  0.000130525  0.111792  
-0.00120033  0.000560171  0.00139959  0.0280172  -0.0098912  0.0887979  
-0.00153767  -0.0013758  0.000643726  0.0250304  -0.00987691  0.103306  
0.00259595  0.000741384  0.000808079  0.0242345  -0.00995108  -0.0309068  
0.00250822  -0.001189  0.000366971  0.00286976  0.0276545  -0.0125659  
0.00275822  -0.00172934  -0.000301165  -0.0132235  0.00676697  -0.0167206  
0.00285556  -0.00154954  0.00016772  0.00330522  -0.00993052  -0.0340595  
0.00231722  -0.00192633  0.000115396  0.00712812  0.0192502  0.0476035  
0.00271828  -0.00149528  0.0001824  0.00341903  -0.00992265  0.00378744  
0.00272258  -0.00173266  -0.000169957  -0.0172431  0.0120718  -0.00879972  
0.00323916  -0.00173266  -0.000120868  -0.0212105  0.0174971  0.00407211  
0.00333655  -0.00132033  -0.000120868  -0.000709312  -0.00754102  -0.0223447  
0.00278989  -0.00173266  -0.000120868  -0.0212105  0.00968004  0.0398337  
0.0031006  -0.00114052  0.00028556  0.000154617  0.0087671  -0.00388224  
0.00106762  -0.000606303  -0.00225574  -0.036829  0.217049  -0.188329  
5.09502e-05  0.00044042  -0.00128334  0.00489955  0.0567303  -0.212756  
-2.63414e-05  -4.15989e-05  -0.000945043  0.00512373  0.120401  -0.187867  
0.00056581  3.56945e-05  -6.35253e-05  0.0343534  0.106829  -0.214895  
0.000275411  8.59433e-06  -6.35253e-05  0.0343465  0.138917  -0.198725  
0.000862338  0.000321098  -6.35254e-05  0.0343737  0.0997584  -0.198785  
0.000435336  0.000386471  -6.63508e-05  0.0343471  0.129148  -0.137068  
0.000435336  -4.15989e-05  -1.54169e-05  0.0342992  0.0814187  -0.157556  
0.000435336  -4.15989e-05  9.496e-07  0.0343061  0.0997134  -0.149109  
0.000270202  0.000265204  -0.000585912  0.00806392  0.0857232  -0.164012  
0.000453474  7.2556e-05  -0.000585912  0.0220949  0.103173  -0.178515  
0.000354097  -3.8658e-06  -0.000585912  -0.00447037  0.123653  -0.163656  
0.000621274  0.000103011  -0.000585912  0.00746458  0.0997145  -0.184623  
0.000532253  -2.09239e-05  -0.000585912  2.62255e-05  0.0997133  -0.213977  
0.000723895  0.000261845  -0.000585912  -0.00632839  0.0934663  -0.183133  
0.000815137  -8.89469e-05  -0.000585912  -0.00676234  0.0871164  -0.197276  
0.000851628  0.000110804  -0.00071382  -0.00737181  0.0995067  -0.167368  
0.00084338  0.000265064  -0.000585912  -0.0151018  0.080869  -0.194425  
0.000717562  -8.89469e-05  -0.000752778  -0.0151638  0.0996035  -0.180853  
0.000671896  -0.000338947  -0.000585912  -0.0151652  0.0808835  -0.171201  
0.00102246  0.000394342  -0.000646579  0.00129706  0.0808684  -0.179914  
0.000260385  0.00015258  -0.000797198  0.000523918  0.123056  -0.169812  
0.000560513  -8.89469e-05  -0.000585912  -0.0151402  0.0847227  -0.15755  
0.00103948  0.000127569  -0.000734245  0.00361128  0.105416  -0.202495  
0.000651814  0.000232307  -0.001264  -0.0153019  0.183528  -0.154383  
0.00119182  0.00107759  -0.000700559  0.0344552  0.0677628  -0.189539  
0.000609937  0.00136254  -0.000975461  0.00567614  0.141172  -0.205912  
0.000946493  0.00113885  -0.000808658  -0.00327165  0.0914958  -0.205913  
0.000640165  0.00142614  -0.000975461  -0.00327026  0.135518  -0.205839  
0.00127675  0.00107759  -0.00114575  -0.00331656  0.0914334  -0.205924  
0.00103421  0.00107759  -0.000975461  -0.00329349  0.11499  -0.223494  
0.000967892  0.00100061  -0.000975462  -0.00329903  0.0914466  -0.201612  
0.00126382  0.00107759  -0.000975462  0.00728088  0.0956616  -0.21119  
0.000682454  0.00139846  -0.000820885  -0.00325446  0.124316  -0.211141  
0.00142652  0.00107759  -0.00102359  0.00212381  0.0914028  -0.228305  
0.000796071  0.00132759  -0.000695581  -0.00323256  0.123532  -0.220378  
0.00126382  0.00107759  -0.0009116  -0.00145272  0.0914266  -0.206978  
0.00126382  0.00107759  -0.0009116  -0.00264161  0.0914266  -0.253685  
0.001022  0.00107759  -0.0009116  -0.0022648  0.133964  -0.239317  
0.0012637  0.00102371  -0.0009116  0.00630324  0.0914255  -0.226551  
0.00105674  0.000988891  -0.0009116  -0.000803655  0.11969  -0.232786  
0.00200651  0.000633853  -0.00133048  -0.030657  0.109784  -0.254334  
0.00167483  0.000885131  -0.000907217  -0.00680991  0.10813  -0.262797  
0.00106785  0.00129492  -0.000907217  -0.0109203  0.112673  -0.240553  
0.00208949  0.000921083  -0.000657217  -0.0135261  0.112507  -0.280148  
0.00222235  0.000633853  -0.00132252  -0.0492683  0.112449  -0.255979  
0.00213193  0.000633853  -0.00145111  -0.0343286  0.0747759  -0.268223  
0.00190326  0.000633853  -0.00138447  -0.0364879  0.0974545  -0.264395  
0.0019319  0.000633853  -0.00124964  -0.034559  0.0778453  -0.258412  
0.00223043  0.000897897  -0.00132252  -0.0156346  0.0880481  -0.270141  
0.00320317  0.00195267  -0.00201913  0.0546667  0.229807  -0.636319  
