0.00105363  -0.00282768  0.000348636  -0.0113671  0.0404966  -0.598155  
0.000963796  -0.00268223  0  -0.000772548  0.0317069  -0.600758  
0.000705415  -0.00278117  0  -0.000829119  0.085126  -0.594829  
0.00177885  -0.00239135  0  -0.000686251  0.0406698  -0.555598  
0.0017285  -0.00209283  0.000152778  0.0174981  0.0406889  -0.582351  
0.0017285  -0.00252461  0  0.018188  0.068788  -0.599215  
0.00221044  -0.0020037  0  0.00532547  0.0481626  -0.595782  
0.00171593  -0.00252461  0  -0.000105311  0.0406999  -0.607761  
0.00221044  -0.00222843  0  0.00459963  0.0432214  -0.571218  
0.00269086  -0.00221478  0  0.0139892  0.0402758  -0.583037  
0.00192237  -0.00252461  0  -0.003291  0.0924633  -0.589998  
0.00321472  -0.00200471  0.000137152  0.0162488  0.0264307  -0.596781  
0.00275523  -0.00214245  0  0.00915847  0.0489531  -0.612489  
0.00220298  -0.00217893  5.35787e-05  0.00867974  0.0517527  -0.592089  
0.00244738  -0.00200893  7.53776e-05  0.0071218  0.0624936  -0.566167  
0.00243692  -0.00216404  8.47033e-22  -0.00364641  0.0547623  -0.607226  
0.00279045  -0.00215445  -8.47033e-22  0.00184649  0.0256794  -0.587703  
0.0030099  -0.00200606  0  0.0019159  0.040162  -0.619323  
0.00301097  -0.00208623  -0.00025  0.00184573  0.0401356  -0.56572  
0.00325918  -0.00178485  0.00020797  0.00198229  0.0252119  -0.562646  
0.00328215  -0.00178485  8.1687e-05  0.0213754  0.0229708  -0.5843  
0.00296878  -0.0018276  8.16869e-05  -0.0140945  0.0948487  -0.589869  
0.00288295  -0.00178017  8.16869e-05  0.0070834  0.0145591  -0.619442  
0.00248677  -0.00191857  8.1687e-05  -0.0141037  0.0656283  -0.608968  
0.00334906  -0.00196958  8.1687e-05  0.0118637  -0.00876069  -0.608746  
0.00307876  -0.00187296  8.1687e-05  -0.0117732  0.0519  -0.586685  
0.00353101  -0.00220315  0.000125372  -0.00181944  0.0229083  -0.57439  
0.00266401  -0.00220315  1.19251e-05  -0.0119353  0.0447538  -0.594791  
0.00336794  -0.00199196  0.000324759  -0.0118317  0.0229894  -0.563185  
0.00330226  -0.00220315  0.000427237  0.0154973  -0.00792441  -0.580154  
0.00302485  -0.00196823  0.000467723  -0.0274909  0.0891624  -0.548136  
0.00386189  -0.0018519  0.000429657  -0.0118431  -0.0106819  -0.566182  
0.00392971  -0.00198275  0.0006332  -0.00775318  0.0222603  -0.5239  
0.00469337  -0.00146665  0.000521917  0.00205961  -0.0044623  -0.534129  
0.00452607  -0.00169007  0.000858914  -0.00762503  0.013533  -0.529601  
0.00451551  -0.00144826  0.00107257  0.0142218  0.0171665  -0.532861  
0.00388411  -0.00132  0.00122731  0.0170906  0.0363772  -0.560301  
0.00506029  -0.00137282  0.00145169  0.0127334  0.0499162  -0.557699  
0.00532894  -0.000995929  0.00146001  0.0228814  0.0750149  -0.560041  
0.00566449  -0.00114778  0.00168622  0.0110191  0.0954691  -0.549799  
0.00514927  -0.0014049  0.00169813  0.0131493  0.0496402  -0.52942  
0.00512394  -0.00112127  0.00145246  0.0132181  0.069366  -0.546903  
0.00526176  -0.00129395  0.00136765  0.00819634  0.126189  -0.552157  
0.00502206  -0.00110531  0.00159427  0.00857748  0.0272519  -0.498022  
0.00412126  -0.00161877  0.00159427  0.0186658  0.0596268  -0.507605  
0.00493245  -0.000804369  0.00175098  0.00400236  0.0588688  -0.507696  
0.00510465  -0.00135035  0.00131787  0.0409644  0.0286706  -0.547315  
0.00497127  -0.000979078  0.00171552  0.0166048  0.0821624  -0.52284  
0.00551823  -0.00177738  0.00116259  0.0214294  0.138824  -0.495378  
0.00462983  -0.00103447  0.00208222  0.0203258  0.122968  -0.500306  
0.0037289  -0.00125668  0.00181877  0.0307949  0.0860879  -0.47561  
0.00358415  -0.000945741  0.00165166  0.0482211  0.0497034  -0.501746  
0.00421421  -0.00110371  0.00174092  0.0544379  0.0929392  -0.52999  
0.00410707  -0.000774331  0.00174092  0.0422317  0.061377  -0.500598  
0.00356778  -0.00116545  0.00149092  0.0526375  0.0210753  -0.501688  
0.00414147  -0.00103265  0.00149092  0.0333125  0.0419827  -0.456119  
0.00547169  -0.000690234  0.00184203  0.0252869  0.0155085  -0.399115  
0.00592624  -0.000435372  0.001691  0.0359194  0.0204352  -0.408458  
0.00454133  -0.000594772  0.00167191  0.0275893  0.0423752  -0.40892  
0.00663359  -0.00047493  0.00167191  0.0526788  -0.00292813  -0.466792  
0.00717551  -0.000357157  0.00174337  0.0468567  0.040543  -0.403222  
0.00772366  -3.23945e-05  0.00167191  0.0231229  -0.00855919  -0.286703  
0.00636162  0.000366395  0.00176949  0.0236507  -0.0609651  -0.33772  
0.00385299  -0.000719759  0.00150439  -0.0221861  -0.0495326  -0.498436  
0.00318123  -0.000300299  0.00204381  0.0328838  -0.0797195  -0.499081  
0.00444489  -0.000216331  0.0018334  0.0165001  0.0315107  -0.449952  
0.00505162  0.000148269  0.00194622  0.0323218  0.00448789  -0.411682  
-0.000413105  -0.000651523  0.00193252  0.036163  0.0258257  -0.345419  
-0.01562  2.95975e-05  0.000145202  0.0803801  -0.0315242  0.151784  
-0.0126469  0.000115919  0.00023957  0.0749875  -0.0378005  0.059885  
-0.010854  -3.26533e-06  -0.000221133  0.0707469  0.00713802  0.0837216  
-0.00620009  0.000415609  0.000210848  0.0755926  -0.0037076  -0.145525  
-0.00622143  -5.87208e-05  -4.60639e-05  0.0707704  0.030947  -0.0555019  
-0.00571212  0.000513913  -0.000163698  0.0732626  -0.0113658  0.00157727  
-0.00269539  0.000558098  -0.000391955  0.0707503  -0.00334714  0.254771  
-0.00548977  -6.6989e-05  -0.000106903  0.0707741  -0.0397783  0.136577  
-0.00174899  0.000699804  -0.000379357  0.0707166  -0.0677523  0.284174  
-0.000415954  0.000699804  0.000120078  0.0706381  -0.077166  0.297142  
0.000192959  0.000943144  0.00020374  0.0842377  -0.0901612  0.324144  
-0.000295459  0.00119163  0.000569868  0.0517016  -0.0632384  0.378234  
-0.00280464  0.000879465  0.00120603  0.00236449  0.00628019  0.385313  
-0.00261189  0.00102657  0.000874935  0.00233673  -0.116649  0.292317  
-0.000604545  0.00135357  0.000677935  0.00221627  -0.168214  0.313313  
-0.000718644  0.000268535  4.27586e-05  -0.0642585  -0.0718071  0.298681  
-7.16419e-05  0.000502785  -0.000239799  -0.0607785  -0.165246  0.304492  
0.000531349  0.000685265  7.06897e-06  -0.0608326  -0.165028  0.384546  
0.0008419  0.00169572  0.000296359  -0.0240042  -0.141592  0.450496  
0.000812342  0.00208278  -0.000267804  -0.00481841  -0.114663  0.425911  
0.000368389  0.00194534  -4.3958e-05  0.00278758  -0.0878654  0.442363  
-0.000100174  0.00174948  -0.000267804  -0.0316332  -0.0968738  0.438441  
-0.00114174  0.000570559  -0.000267804  -0.0957717  -0.0311715  0.39269  
-0.000417162  0.000432533  -0.000267804  -0.0957557  -0.151585  0.307729  
0.000177339  0.000888106  -0.000125777  -0.0850857  -0.18247  0.368769  
0.000286151  0.000570559  -7.72671e-05  -0.0895729  -0.125113  0.410637  
0.00128224  0.000570559  -0.000267805  -0.0826743  -0.158323  0.444486  
0.00111487  0.000647083  -9.50817e-05  -0.0826127  -0.112004  0.405551  
0.00147897  0.000609054  -0.000267805  -0.0725914  -0.199995  0.459177  
0.00210633  0.000991307  -0.000267805  -0.0956912  -0.149854  0.477658  
0.00266474  0.000949886  -0.000108746  -0.0956959  -0.209067  0.531433  
0.00251267  0.000913208  -0.000267805  -0.101322  -0.189794  0.538262  
0.00261645  0.000913209  -0.000267805  -0.0956367  -0.167868  0.51585  
0.002209  0.00081853  -0.000267805  -0.112934  -0.142871  0.499702  
0.00258132  0.000913209  -0.000267805  -0.105624  -0.211736  0.480007  
0.00292624  0.000913209  -0.000267805  -0.119028  -0.144095  0.4801  
0.00233677  0.000748014  -0.000321784  -0.118968  -0.209631  0.500711  
0.00201782  0.000503076  -0.000668452  -0.161184  -0.175917  0.444994  
0.00216072  3.43252e-05  -0.00050727  -0.16516  -0.181979  0.377143  
0.00244444  -0.000134862  -0.000668452  -0.180376  -0.118296  0.377242  
0.00250707  3.43252e-05  -0.000668452  -0.183453  -0.169982  0.409494  
0.00304727  3.43252e-05  -0.000668452  -0.183453  -0.144885  0.426208  
0.00369038  3.43252e-05  -0.000320579  -0.201749  -0.119466  0.484137  
0.00361942  0.000157499  -0.000547786  -0.195165  -0.142446  0.490494  
0.0032047  3.43252e-05  -0.000325812  -0.201746  -0.103647  0.46652  
0.0035947  3.43252e-05  -0.000668452  -0.174249  -0.145507  0.464277  
0.00354208  3.43252e-05  -0.000497133  -0.187344  -0.127585  0.426973  
0.00426735  -6.89906e-07  -0.000339686  -0.18819  -0.12735  0.454633  
0.00427425  0.000409561  -0.000592942  -0.17042  -0.159819  0.465578  
0.00471211  0.000409561  -0.000668452  -0.195771  -0.116178  0.454615  
0.00527436  -2.88649e-05  -0.000668452  -0.204932  -0.141406  0.496868  
0.00429531  0.000255754  -0.000668452  -0.192287  -0.148931  0.501033  
0.00471211  0.000262994  -0.000372555  -0.198376  -0.150835  0.521804  
0.00464947  0.000542669  -0.000668452  -0.17878  -0.186997  0.529484  
0.00471211  -6.34302e-05  -0.000333314  -0.192578  -0.140367  0.546003  
0.00485882  0.000414896  -0.000668452  -0.178118  -0.1608  0.545935  
0.0049133  0.000191603  -0.000668452  -0.181252  -0.181679  0.512605  
0.00530872  0.000414896  -0.000668452  -0.181896  -0.151943  0.534783  
0.00963276  0.000606386  -0.000736601  -0.177677  -0.14976  0.503212  
0.00969994  0.000414896  -0.000600377  -0.184788  -0.128851  0.505871  
0.0106998  0.000414896  -0.000721035  -0.184667  -0.112514  0.494683  
0.0108667  0.000414896  -0.000505954  -0.181942  -0.0960143  0.473981  
0.0112006  0.000645712  -0.000420277  -0.164384  -0.105313  0.426319  
0.0117769  0.000576907  -0.000656971  -0.171606  -0.0891333  0.476865  
0.0122009  0.000585276  -0.000696879  -0.167417  -0.13761  0.549008  
0.0107012  0.000518357  -0.000448119  -0.176819  -0.110389  0.564778  
0.00905562  0.000585276  -0.000417806  -0.188567  -0.137516  0.586413  
0.010127  0.000159529  -0.000592843  -0.17506  -0.141577  0.523972  
0.00591909  -0.000281825  -0.000598823  -0.195945  -0.17876  0.517402  
0.0032225  -0.000110496  -0.000582843  -0.204184  -0.24435  0.489708  
0.00442847  0.000150349  -0.000488093  -0.210296  -0.191566  0.515616  
0.00515485  0.000150349  -0.000488277  -0.189208  -0.210003  0.560268  
0.00500886  -0.000217188  -0.000424941  -0.212702  -0.143615  0.567229  
0.00523735  0.000261485  -0.000472182  -0.19859  -0.200415  0.603429  
0.00523735  -3.31129e-05  -0.000483589  -0.212824  -0.145899  0.578993  
0.00523735  4.53146e-05  -0.000398631  -0.216868  -0.185834  0.578973  
0.00462182  -1.53961e-05  -0.000431672  -0.200271  -0.151825  0.551061  
0.00353831  -0.000444812  -4.81135e-05  -0.128875  0.0156214  -0.506881  
