-0.00273076  -0.00276311  -0.00237603  -0.154286  0.011919  0.0328879  
-0.00298859  -0.00262473  -0.00237603  -0.15885  0.0274672  0.0875287  
-0.0029029  -0.00255196  -0.00224164  -0.166514  0.0269606  0.0997821  
-0.00252297  -0.00276311  -0.00237603  -0.166644  0.0142047  0.0871495  
-0.00240446  -0.00270943  -0.00237603  -0.168801  -0.00752524  0.0624465  
-0.00274884  -0.00258874  -0.00237603  -0.172638  0.0512277  0.116354  
-0.00256525  -0.00251282  -0.00203235  -0.15235  -0.0108426  0.0804987  
-0.00228808  -0.00276311  -0.00200398  -0.163281  0.00232863  0.0529415  
-0.00252837  -0.00250916  -0.00224777  -0.165916  0.00128811  0.0960623  
-0.00249458  -0.00276311  -0.00237603  -0.161301  0.00757243  0.0870456  
-0.00226018  -0.00276311  -0.00230687  -0.153623  0.0263548  0.0843913  
-0.00262478  -0.00276311  -0.00237603  -0.162306  -0.00217383  0.0965202  
-0.00227903  -0.00276311  -0.00211159  -0.162303  0.00108283  0.0569256  
-0.00239213  -0.00276311  -0.00237603  -0.177481  0.0335616  0.0955691  
-0.00227128  -0.00276311  -0.00209419  -0.173649  0.0013835  0.102762  
-0.00206459  -0.00276311  -0.00237603  -0.160514  0.00563998  0.0855189  
-0.00246248  -0.00276311  -0.00221387  -0.164403  0.0140314  0.11406  
-0.00165999  -0.00353505  -0.00244184  -0.13457  0.0483252  -0.0598209  
-0.00155806  -0.00277541  -0.00145149  -0.0970816  -0.00394154  -0.0835157  
-0.00185304  -0.00241259  -0.00137047  -0.0986961  0.0283314  0.0531986  
-0.00157925  -0.00219826  -0.00131489  -0.103222  0.00667239  0.0659248  
-0.00163173  -0.0023392  -0.00137047  -0.113067  0.0318574  0.0943383  
-0.00171666  -0.0023089  -0.00137047  -0.108524  0.00553473  0.0957946  
-0.0016801  -0.0023299  -0.00137047  -0.109884  -0.000835109  0.0957613  
-0.00222021  -0.00205615  -0.00137047  -0.115104  -0.00439915  0.132135  
-0.00201357  -0.00217552  -0.00137047  -0.106693  0.00240425  0.121672  
-0.00210552  -0.00215726  -0.00137047  -0.115418  0.0049867  0.146834  
-0.00187957  -0.00219199  -0.00137047  -0.105737  -0.0267991  0.11649  
-0.00210293  -0.00255172  -0.00137047  -0.109593  0.0274834  0.123555  
-0.00198217  -0.00231044  -0.00137047  -0.112021  0.0123252  0.1381  
-0.00203875  -0.00220761  -0.00137047  -0.109769  0.000852203  0.155757  
-0.00218275  -0.00202337  -0.00137047  -0.112477  -0.0268969  0.175218  
-0.00144326  -0.00196499  -0.00107504  -0.103796  -0.0180411  0.157226  
-0.00230277  -0.00195141  -0.00126335  -0.104955  -0.0161767  0.169231  
-0.00160181  -0.00242119  -0.00115572  -0.100284  -0.00994225  0.126952  
-0.00216187  -0.00214225  -0.00127732  -0.102615  0.0209315  0.149364  
-0.00295275  -0.0023115  -0.000839953  -0.0409444  0.0118784  0.0743315  
-0.00195691  -0.00180896  -0.000493553  -0.0386765  0.0197687  0.0690445  
-0.00192887  -0.00180896  -0.00070981  -0.0318621  0.0356531  0.0859508  
-0.00170691  -0.00168067  -0.000473354  -0.0302396  0.0127905  0.0973085  
-0.0014819  -0.00180896  -0.000457603  -0.0307999  -0.00123159  0.0802462  
-0.00231267  -0.00180896  -0.00104808  -0.0526208  0.0546139  0.133284  
-0.00208541  -0.00112392  -0.000785615  -0.0408745  0.00809011  0.0919472  
-0.00209049  -0.00146285  -0.000785615  -0.0408659  0.0117517  0.11651  
-0.0017003  -0.00166883  -0.000444169  -0.0350604  0.0283323  0.0981066  
-0.00186776  -0.00180896  -0.000785615  -0.0427254  0.0256558  0.129851  
-0.00172958  -0.00161868  -0.000566369  -0.0446953  -0.00252928  0.124085  
-0.00172918  -0.00180896  -0.000785615  -0.0376902  0.0422784  0.125247  
-0.00146879  -0.00155836  -0.000585879  -0.0386591  -0.00306355  0.139446  
-0.00191717  -0.00129806  -0.000785615  -0.0379611  0.0217301  0.146453  
-0.00209354  -0.00173867  -0.000785615  -0.0414334  0.00338045  0.114937  
-0.00171892  -0.00180896  -0.000785615  -0.0322652  0.0251511  0.128332  
-0.00196267  -0.00180896  -0.000785615  -0.0322693  0.00924497  0.127715  
-0.00193336  -0.00180896  -0.000785615  -0.0298333  0.0107952  0.116846  
-0.00186863  -0.00180896  -0.000785615  -0.033086  0.00563556  0.125963  
-0.00169741  -0.00165307  -0.000785615  -0.024143  0.00179342  0.123747  
-0.00172763  -0.00141944  -0.000522519  -0.0322349  0.00679651  0.144252  
-0.00151716  -0.00150329  -0.000610991  -0.0241644  0.00520757  0.130001  
-0.00238527  -0.00148919  -0.000785615  -0.0241339  0.0318654  0.0837076  
0.000322187  -8.06814e-05  -0.000195067  0.0524983  0.00752215  -0.219855  
-0.00106188  0.000332178  0.000448821  0.0245795  0.0395989  -0.0268967  
-0.000692391  0.00089146  0.000152444  0.0245895  0.0604802  0.0209426  
-0.00114988  0.000344498  -8.29906e-05  0.0246337  0.0262548  0.0392958  
-0.000962783  0.000292982  -4.06761e-05  0.0246555  0.00844004  0.0347473  
-0.00117041  -4.34601e-05  -6.77091e-05  0.0246561  0.0380127  0.0455749  
-0.000615841  0.000756282  -7.0316e-06  0.0246076  0.016996  0.0544198  
-0.000762042  0.000920043  0.000455344  0.0245738  0.0262765  0.0312019  
-0.00118272  0.000424725  0.000115851  0.0218453  0.0313952  0.0406709  
-0.000239489  -0.000722751  0.00042256  0.0200243  0.0318576  -0.0119258  
-0.000492492  0.000312181  0.00042256  0.0207524  0.0238871  0.0234234  
-0.00107799  0.000440237  0.00042256  0.012476  0.00705914  0.0269204  
-0.000416271  0.000851449  0.00042256  0.00905379  0.000593301  0.00511658  
-0.00060308  2.67258e-23  -0.000246502  0.00647588  0.0325517  0.0204683  
0  -0  0  0  0  0  
-0.0010705  0.000230607  -0.000179177  -1.0135e-05  0.037225  0.00527734  
-0.00053381  -0.000815575  0  3.48243e-05  0.033162  0.0332784  
0.000597631  -0.000980337  1.05879e-22  0.00277657  0.0188334  -0.0127405  
0.000197516  -0.00127978  -0.000155859  0.00366991  0.0755261  0.0179284  
0.000381437  -0.000969425  0.000223791  7.99416e-05  0.0342115  0.00379216  
0.000676106  -0.000710596  0.000223791  7.90298e-05  0.0146288  -0.0060972  
0.000342059  -0.000876273  -0.000202884  -0.00390758  0.0325273  0.0388476  
0.000739285  -0.00082033  -0.000157628  6.03567e-05  0.0144108  0.0310981  
0.000810074  -0.000898185  -2.78215e-06  6.09442e-05  0.0150044  0.0217515  
0.000613332  -0.00102422  6.2906e-05  4.74378e-05  0.0271905  0.0471569  
0.00135998  -0.000756373  0.00018419  6.45212e-05  -0.00765755  -0.0120999  
0.00106561  -0.00127978  -0.000290836  5.62301e-05  0.0198472  0.00311413  
0.0012187  -0.00127978  -0.000577517  -0.0239851  -0.0076873  0.00742416  
0.0016899  -0.00137349  -0.000577517  -0.0141926  -0.00189801  -0.0088014  
0.00118839  -0.00152978  -0.000577517  -0.021148  0.0228391  0.0248362  
0.00126777  -0.00102479  -0.000444912  -0.010842  0.00166597  0.0182963  
0.00135542  -0.00127978  -0.000577517  -0.0211604  0.0286314  0.00389079  
0.00209513  -0.00127978  -0.000577517  -0.026864  0.0181987  0.00595536  
0.00193112  -0.00133552  -0.000577517  -0.0211571  -0.00764576  0.00403754  
0.00148947  -0.00127978  -0.000577517  -0.0211604  0.0174077  0.0347748  
0.0016554  -0.000936451  -0.00011289  -0.021179  0.00867123  0.0101158  
0.000572795  -0.000933163  -0.00235786  -0.0465227  0.212181  -0.139085  
-0.000522427  -0.000357699  -0.000988028  -0.0137175  0.0557223  -0.155922  
-0.000521488  -0.000650121  -0.000988028  -0.00892919  0.119577  -0.127544  
0.000126754  -0.000298037  -0.000487056  0.00346974  0.102289  -0.155854  
-4.34212e-05  -0.000650121  -0.00058427  0.00368418  0.119461  -0.129725  
0.000465014  -0.000521688  -0.000677428  -0.00429181  0.0894213  -0.131142  
-0.000122114  -0.000684049  -0.000579218  0.0056334  0.113939  -0.0747679  
0.000319133  -0.000494615  -0.000635318  0.00172853  0.0776493  -0.0971309  
-3.47955e-05  -0.000422941  -0.000754268  -0.00396731  0.0893976  -0.0971269  
2.07566e-05  -0.000137028  -0.000766038  -0.00512029  0.072578  -0.0971443  
-4.77661e-05  -0.000524308  -0.000660086  0.00561819  0.100041  -0.11362  
3.50479e-05  -0.00052358  -0.000731802  -0.0104969  0.127233  -0.0970956  
0.000180652  -0.000448654  -0.000690093  -0.0164743  0.0873338  -0.118302  
0.000143382  -0.000448562  -0.000649179  -0.0111059  0.0979745  -0.16031  
0.000177714  -0.00028886  -0.00076013  -0.0148057  0.0794757  -0.114622  
0.000382045  -0.000470365  -0.000850288  -0.0111269  0.0658897  -0.143759  
0.000495051  -0.000152305  -0.000988029  -0.0111044  0.091464  -0.0917501  
0.000550676  -0.000537182  -0.000988029  -0.0208599  0.072105  -0.124909  
0.000250542  -0.000363191  -0.000988029  -0.0278574  0.105255  -0.122044  
0.000310878  -0.000459318  -0.000988029  -0.0111313  0.0692635  -0.109596  
0.000441816  -9.70438e-05  -0.000988029  -0.0111143  0.0755817  -0.109615  
6.28254e-05  -0.00049458  -0.000988029  -0.0111428  0.111846  -0.109544  
0.000221011  -0.000161801  -0.000988029  -0.0280003  0.0852294  -0.0931618  
0.000778686  -0.000110372  -0.000988029  -0.0110767  0.0956364  -0.131073  
0.00025151  -0.000106735  -0.00151457  -0.0112702  0.177492  -0.0946488  
0.000474148  0.00059075  -0.00110191  0.0127961  0.0652634  -0.133718  
0.00010904  0.000777696  -0.000987009  -0.0111796  0.135046  -0.132216  
0.000532818  0.000485725  -0.000987009  -0.0112128  0.0785759  -0.153941  
0.000157226  0.000485725  -0.00139731  -0.0112657  0.126442  -0.144651  
0.00084736  0.00059368  -0.000987009  -0.011203  0.121053  -0.153931  
0.000580808  0.000573023  -0.00123701  -0.011254  0.115139  -0.153933  
0.000561368  0.000517913  -0.000987009  -0.0112309  0.0985202  -0.133935  
0.000728353  0.000661894  -0.000987009  -0.00888098  0.0985085  -0.153957  
0.000392839  0.000627197  -0.000987009  -0.0112155  0.120466  -0.15395  
0.000891427  0.000551355  -0.000866716  -0.0111512  0.0985271  -0.154001  
0.00038512  0.000405697  -0.000987009  -0.011181  0.127205  -0.165718  
0.000666077  0.000492517  -0.000987009  -0.0111276  0.0851278  -0.159391  
0.00104721  0.000413537  -0.000987009  -0.0111027  0.0985139  -0.186842  
0.000505955  0.000268131  -0.000987009  -0.0111555  0.128845  -0.176996  
0.0010487  0.000386764  -0.000987009  -0.00812753  0.0874958  -0.171807  
0.000850277  0.000408785  -0.00131522  -0.0111816  0.11597  -0.178302  
0.00132813  0.000123057  -0.00142  -0.0314323  0.108467  -0.192163  
0.00133734  0.000587386  -0.00129652  -0.0176169  0.10108  -0.199149  
0.000601784  0.000390278  -0.000999167  -0.0256935  0.118059  -0.173765  
0.00148566  0.000370174  -0.00107652  -0.0204684  0.0984148  -0.231911  
0.00162904  0.000175762  -0.00142  -0.052815  0.115977  -0.195031  
0.00157641  9.60589e-05  -0.00142  -0.0479081  0.0712176  -0.203898  
0.00138257  -0.000247532  -0.00142  -0.0415883  0.0984849  -0.208978  
0.00134209  -0.000108303  -0.00142  -0.0368935  0.0790221  -0.195061  
0.00172163  -0.000180476  -0.00142  -0.0369153  0.0944869  -0.209467  
0.00280511  0.00177955  -0.00242681  0.0476302  0.234454  -0.592887  
