0  -0  0  0  0  0  
-0.00041544  -0  0  0  0.0120383  0.062624  
-0.00041544  0.000305787  0  -2.81504e-05  -3.54477e-05  0.0701273  
-0.000251617  -0  0  -0.0166264  -0.00673454  0.0595716  
3.13139e-05  -0  0.000118308  -0.0168767  -0.0200509  0.0335611  
-0.000425747  -0  0  -0.0209154  0.0332486  0.0790002  
-0.000115989  -0  0  0  -0.0258652  0.052972  
-0.000202221  5.03938e-05  0.000204479  -0.011622  -0.0127384  0.0259745  
-0.00018402  0.000194466  0  -0.0173377  -0.0187024  0.0638939  
-0.000268634  -0  0  -0.0154952  0.00731726  0.0582872  
-0.000188653  -0.000144664  0.000141887  1.4555e-05  0.0112194  0.0522925  
-0.000188653  -0  -5.95883e-06  -0.0140579  -0.0186993  0.0671221  
0.000368917  -3.70417e-05  -5.95884e-06  -0.0161396  -0.0186741  0.0260335  
-0.000285629  -0.000195912  -5.95883e-06  -0.0242621  0.0122163  0.0670674  
-0.000166271  -0.000134379  -5.95883e-06  -0.0161593  -0.0187256  0.0674719  
0.000479139  -0.000271413  -5.95883e-06  -0.00976963  -0.0116979  0.0473172  
-1.2963e-05  -0.000382064  -5.95883e-06  -0.0142694  0.00523983  0.069273  
0.000535887  -0.000199673  -0.000427613  0.0166207  0.0312949  -0.102006  
0.000678943  8.9718e-05  0.000774755  0.0445228  -0.0160088  -0.0993158  
0.000355848  8.9718e-05  0.000763584  0.0510342  0.00517618  0.0277959  
0.000435647  0.000557547  0.000784663  0.0444675  -0.00565831  0.0278269  
0.000444671  0.000614175  0.000806456  0.0444537  0.0179959  0.0419099  
0.000525786  8.9718e-05  0.0011259  0.0445555  -0.00566549  0.0651646  
0.000444671  0.000524719  0.00105868  0.0444387  -0.0223902  0.0485608  
0.000242837  0.000220588  0.000663704  0.0348387  -0.0196442  0.0973924  
0.000173329  0.00049108  0.000855817  0.0444541  -0.0224473  0.0776951  
-0.000230735  0.000639275  0.000663704  0.0319821  -0.00586544  0.104513  
0.000102916  0.000512232  0.000663704  0.0444573  -0.0224675  0.0776979  
0.000246276  8.97181e-05  0.000749527  0.0445151  0.00897712  0.084017  
0.000246276  0.000616909  0.000811501  0.0411009  -0.00869174  0.0981339  
0.000246276  0.000545286  0.000904285  0.0409414  -0.0224537  0.111402  
0.000246276  0.000703494  0.000663704  0.0282268  -0.036822  0.137361  
0.000246276  0.000650073  0.000857709  0.0447958  -0.0319246  0.105769  
-9.40317e-05  0.000660433  0.000827642  0.0417771  -0.0225246  0.118113  
0.000369001  0.000610585  0.00135444  0.0487753  -0.0224577  0.0862476  
-2.57968e-05  0.000418315  0.000941263  0.0466643  -0.00837701  0.106527  
-0.000311479  0.000618263  0.00149179  0.113397  0.00658194  0.0491938  
0.000257385  0.000735079  0.00183081  0.114581  0.0138711  0.053148  
0.000257385  0.000735079  0.00183081  0.114581  0.0300575  0.0542584  
0.000372682  0.000851149  0.00164066  0.11837  0.00100789  0.0675828  
0.000681473  0.00130218  0.00163618  0.114502  -0.00141733  0.0493478  
-0.000443411  0.00147249  0.00118072  0.0934354  0.03742  0.0912472  
0.000112595  0.0011762  0.00138753  0.106863  -0.0133605  0.0681931  
3.86292e-05  0.00157051  0.00133916  0.114651  -0.000662154  0.0753678  
0.000286083  0.00126845  0.00176069  0.118563  0.00338922  0.0514435  
0.000196899  0.00151772  0.00153658  0.10438  0.0104188  0.0876356  
0.000602406  0.00119897  0.00167129  0.107942  -0.0199842  0.0844844  
0.000183095  0.00131295  0.00162964  0.108133  0.0257399  0.0844992  
0.00028595  0.00108062  0.00173806  0.105301  -0.020928  0.0998269  
-1.62935e-06  0.00122328  0.00167288  0.107878  0.00378251  0.10091  
0.00028595  0.00101928  0.00169715  0.102878  -0.00976602  0.0880572  
0.00027855  0.00138096  0.00161027  0.115165  0.000143674  0.07971  
0.000316672  0.00103718  0.00171293  0.119341  -0.0136039  0.0931094  
0.000493872  0.00104599  0.00168204  0.116662  -0.0135788  0.0736898  
0.000338313  0.00121444  0.0017488  0.115834  -0.0136265  0.0910022  
0.000633371  0.00110272  0.00175217  0.120233  -0.0135478  0.0874056  
0.000122783  0.00120383  0.00164651  0.11043  -0.0112757  0.103959  
0.000539851  0.000735081  0.00172966  0.117469  -0.0135584  0.0859207  
5.41235e-06  0.00128978  0.00128249  0.115118  0.0253415  0.0529666  
0.00221097  0.00256099  0.00219209  0.196056  -0.00504553  -0.217163  
0.0011761  0.00272951  0.00246032  0.176522  0.0186695  -0.0291942  
0.000986705  0.00273891  0.00230876  0.169214  0.0314955  -0.00104404  
0.000985506  0.00264335  0.00219208  0.163548  0.0108714  0.0143093  
0.00139796  0.00256788  0.00238634  0.165267  -0.00935638  -0.000938714  
0.00101407  0.00237539  0.00219208  0.16521  0.0237241  0.0260017  
0.00133685  0.00261306  0.00219208  0.167914  0.00059797  0.0169728  
0.00149084  0.002499  0.00252104  0.168887  0.0108929  -0.00494578  
0.00144229  0.002499  0.00219208  0.158079  0.0109458  0.0162115  
0.00162711  0.002499  0.00246623  0.158084  0.0109143  -0.0214621  
0.00157777  0.002499  0.00219208  0.158079  0.0109617  -0.000986288  
0.00177368  0.002499  0.00219208  0.158079  -0.00112983  -0.0156734  
0.00185582  0.002499  0.00240097  0.15808  -0.00939588  -0.0329849  
0.00154567  0.00221496  0.00219208  0.158111  0.0169225  -0.00304766  
0.00167818  0.002499  0.00226978  0.146953  -0.0147837  -0.0160915  
0.00129461  0.002499  0.00211041  0.147127  0.0188574  -0.0111575  
0.00145797  0.00222005  0.00202169  0.139867  0.00840596  0.000847972  
0.0019527  0.002499  0.00231597  0.151733  0.00802851  -0.0216001  
0.00174179  0.002499  0.0022388  0.153335  0.0476265  -0.0152307  
0.00184468  0.00242791  0.00210216  0.155074  -0.00128053  -0.0216151  
0.00203749  0.00224785  0.00224206  0.148501  -0.00416158  -0.0230733  
0.00166705  0.00223726  0.00216411  0.142617  0.0107547  0.012037  
0.00194838  0.0023387  0.00205141  0.145842  -0.00418036  0.0079435  
0.00206579  0.00234756  0.0024146  0.151222  -0.00422231  -0.0142785  
0.00231191  0.00199419  0.00214092  0.146563  0.00365691  0.02015  
0.00241597  0.0019405  0.00223084  0.151203  -0.0130632  -0.0333125  
0.00250511  0.0019405  0.00207156  0.13759  -0.00408781  -0.0219735  
0.0025125  0.001599  0.00177043  0.12142  -0.0203706  -0.0129547  
0.00287443  0.00140141  0.00221556  0.131489  -0.0230349  -0.0364359  
0.00251093  0.00154466  0.00210855  0.128856  -0.00409636  0.00983839  
0.00269269  0.0019405  0.00187521  0.133064  -0.0173342  -0.0077217  
0.00258441  0.00176039  0.00198568  0.130379  0.000107705  -0.0320741  
0.00293007  0.00163912  0.00180119  0.118466  -0.00396785  -0.0150159  
0.00327297  0.00159489  0.00197318  0.13557  -0.0171002  -0.0314999  
0.00295068  0.00162226  0.00174365  0.122481  -0.00398037  0.00615961  
0.00320068  0.00194051  0.00194611  0.132468  -0.00398029  -0.015313  
0.00248961  0.00165078  -0.000270345  0.0878386  0.204141  -0.156703  
0.00148169  0.00247788  0.000999359  0.140712  0.0433737  -0.151809  
0.00175841  0.00199597  0.00133685  0.141727  0.106441  -0.129719  
0.0020479  0.00206064  0.00167575  0.156247  0.0842909  -0.159287  
0.00201874  0.00194051  0.00159905  0.156234  0.105886  -0.142583  
0.00243452  0.00194051  0.00207686  0.156286  0.0754867  -0.142637  
0.00176141  0.00194051  0.00173806  0.145939  0.0978354  -0.064995  
0.00217379  0.00213303  0.00175559  0.149113  0.0513637  -0.0934366  
0.00176141  0.00194051  0.00169108  0.141419  0.0754755  -0.0792999  
0.0017792  0.00212901  0.00168221  0.138186  0.0441392  -0.0998845  
0.00196086  0.00194051  0.0018131  0.148461  0.0754706  -0.112326  
0.00185416  0.00194051  0.00167165  0.138216  0.105994  -0.0985709  
0.0021171  0.00228291  0.00178373  0.138218  0.0637149  -0.126938  
0.00216424  0.00241342  0.00166539  0.138203  0.0754851  -0.155938  
0.00203925  0.00220181  0.00160575  0.13184  0.072146  -0.113369  
0.00252078  0.00225046  0.00154928  0.138194  0.0515408  -0.140253  
0.00261965  0.00194051  0.00140137  0.120717  0.0755173  -0.105433  
0.00255796  0.00220751  0.00140137  0.120723  0.0512721  -0.139463  
0.00236434  0.00235982  0.00140137  0.115259  0.0755205  -0.125511  
0.00210341  0.00205911  0.00152989  0.127256  0.0618653  -0.114918  
0.00247351  0.00247605  0.00154218  0.131794  0.0667145  -0.116304  
0.00207332  0.00229913  0.00145566  0.120737  0.0935931  -0.116268  
0.00208374  0.00213746  0.00139719  0.120726  0.0755414  -0.0986299  
0.00284073  0.00229663  0.00146709  0.129244  0.0754707  -0.130256  
0.00222143  0.00225892  0.000929905  0.131728  0.171277  -0.0912873  
0.00270625  0.00309031  0.00136689  0.155793  0.0501603  -0.145104  
0.00229023  0.00309031  0.00107367  0.135179  0.118365  -0.138894  
0.00259894  0.00334031  0.00107367  0.120541  0.0662027  -0.166448  
0.00234135  0.00309031  0.00107367  0.120534  0.108342  -0.16643  
0.00290032  0.00287478  0.0012188  0.127749  0.0977184  -0.156144  
0.00275513  0.00289395  0.00107367  0.120536  0.0977311  -0.158963  
0.00254836  0.00309031  0.00107367  0.123134  0.0977279  -0.147676  
0.00274299  0.00309031  0.00119706  0.13478  0.0839423  -0.159863  
0.00235421  0.00309031  0.00107367  0.1291  0.0977269  -0.15321  
0.00279734  0.00309031  0.00122838  0.120546  0.0703583  -0.178832  
0.0025069  0.00309031  0.00107366  0.13169  0.106573  -0.166495  
0.00286414  0.00309031  0.00107366  0.130076  0.0748613  -0.166528  
0.0032088  0.00309031  0.00107366  0.120534  0.0909039  -0.210074  
0.00272799  0.00285291  0.00107366  0.1327  0.124961  -0.183708  
0.00279941  0.00309031  0.00107366  0.132381  0.0692333  -0.184989  
0.00286313  0.00285035  0.00107366  0.120523  0.104419  -0.187537  
0.00361467  0.00260151  0.000802383  0.0988835  0.0977017  -0.200096  
0.00340553  0.00309031  0.00110444  0.117532  0.0846929  -0.218032  
0.00307555  0.00309031  0.00112036  0.118988  0.104224  -0.185198  
0.00378608  0.00309031  0.00122018  0.11912  0.0893769  -0.237186  
0.00361069  0.0027755  0.000766604  0.0827494  0.0961133  -0.220593  
0.00369587  0.00272514  0.000822369  0.0948518  0.0597776  -0.228162  
0.00376419  0.0026644  0.000634484  0.0994637  0.0849516  -0.226459  
0.00331664  0.00286028  0.000893834  0.103131  0.0625076  -0.214198  
0.00388778  0.00309031  0.00105873  0.114849  0.0813839  -0.225957  
0.00534236  0.00466491  -0.00017665  0.180575  0.215889  -0.628036  
