-0.00346772  0.000421857  -0.00055189  -0.14451  -0.0109277  -0.101182  
-0.00335936  -0.000256465  -0.0002832  -0.132041  0.00512335  -0.028714  
-0.00345622  1.96757e-05  -0.000191959  -0.126529  0.00515476  -0.00924267  
-0.00345893  -0.000256465  -0.000191959  -0.1205  0.00515202  0.00717289  
-0.00410618  7.92454e-06  -0.000191959  -0.100605  0.00530456  0.121364  
-0.00423352  0.000546414  -0.000191959  -0.0745809  -0.0075178  0.0551343  
-0.00399047  0.000281303  -0.000191959  -0.0838376  0.0171878  0.0431801  
-0.00346536  0.000380417  -0.000191959  -0.0819112  -0.0148535  0.0286236  
-0.00372692  0.000287964  -0.000191959  -0.0819033  0.0409631  0.0393488  
-0.00371479  0.000241719  -0.000191959  -0.0965477  -0.0133626  0.057069  
-0.00353862  0.000219668  -2.36131e-05  -0.0793708  0.00523413  0.0621563  
-0.00361658  0.000560116  -0.000191959  -0.0763097  0.00976407  0.0647635  
-0.00371013  0.000404858  -0.000191959  -0.0784287  -0.0144547  0.0524271  
-0.00414198  0.000259641  -0.000191959  -0.0647991  0.0206418  0.0667851  
-0.00391148  0.000165005  -0.000253849  -0.0721917  -0.00232921  0.0614592  
-0.00352811  0.000281467  -7.821e-05  -0.0642315  -0.0144609  0.0486464  
-0.00339904  0.000184749  -0.000205107  -0.0685651  0.00246001  0.0856591  
-0.00346087  0.000206933  -0.000191685  -0.0647905  -0.0114464  0.0519251  
-0.00355464  5.68316e-05  -0.000247967  -0.0683483  0.0157912  0.0675475  
-0.0036055  0.000205472  -0.000377488  -0.0724821  0.0024652  0.0467772  
-0.00354009  8.13778e-05  -0.000191227  -0.0632179  -0.0127167  0.0411487  
-0.00364313  0.000189482  -0.000203996  -0.0681639  0.0166105  0.0538227  
-0.00322148  4.33493e-06  2.97035e-05  -0.0611926  0.00246068  0.0525611  
-0.00315015  -0.000256464  2.97035e-05  -0.0564212  0.00245426  0.0588483  
-0.00358984  -0.000256464  -7.24541e-05  -0.0541277  0.0103849  0.0947244  
-0.00322667  2.6029e-05  2.97035e-05  -0.0469498  -0.0291811  0.0735239  
-0.00335491  -9.33412e-05  2.97035e-05  -0.0432508  0.0152377  0.0860169  
-0.0029799  -4.27151e-05  2.97035e-05  -0.0497842  -0.0101291  0.0709831  
-0.00284833  -0.000172371  2.97035e-05  -0.0365427  -0.00615317  0.0717514  
-0.00316958  8.4932e-05  3.22851e-05  -0.0430559  0.0245081  0.0772965  
-0.00319376  -0.000147704  -7.52736e-05  -0.0273177  0.0107493  0.0788374  
-0.00280565  0.000662149  -7.52736e-05  -0.0105854  -0.0172171  -0.00977639  
-0.00240788  0.000662149  0.000382385  -0.010596  -0.020066  0.00894919  
-0.00233854  0.000832056  0.000382385  -0.00528024  0.0155248  0.0265483  
-0.00199705  0.000828097  0.000382385  -0.00385553  0.0121798  0.0338832  
-0.00159274  0.000490555  0.000540275  0.0038705  0.00961907  -0.00298697  
-0.00221097  0.000594549  0.000382385  -0.00524842  0.0291833  0.0417264  
-0.00197247  0.000912149  0.000382385  0.000396221  -0.0147017  0.0364973  
-0.00181184  0.000767165  0.000382385  -0.00040445  0.00969489  0.0350989  
-0.00155217  0.000912149  0.000382385  0.00314773  -0.00501666  0.0790236  
-0.00199859  0.000898105  0.000382385  0.00508093  -0.021463  0.0600998  
-0.00222353  0.000698666  0.000444208  0.012217  0.00518297  0.0411227  
-0.00188274  0.000743824  0.000387254  0.0168235  0.00971373  0.0803079  
-0.0019005  0.000678982  0.000387254  0.0155462  -0.00869058  0.0732248  
-0.00196943  0.00073777  0.000387254  0.00674982  0.00971711  0.0951016  
-0.0020205  0.000734874  0.000387254  0.0113251  -0.016467  0.0793433  
-0.0022227  0.00115504  0.000387254  0.0237928  -0.00512498  0.072011  
-0.00210235  0.000746634  2.57206e-05  0.0110615  0.0233669  0.0913805  
-0.00207115  0.000641647  0.000387254  0.0237846  -0.0225516  0.0722305  
-0.00181231  0.000662782  0.000387254  0.0237974  -0.0273526  0.0748163  
-0.00216765  0.000944754  0.000207716  0.00874139  0.0145227  0.0866999  
-0.00208864  0.000754787  0.000387254  0.0237943  0.000103717  0.0890742  
-0.0015557  0.000655296  0.000387254  0.0247224  0.0145016  0.0346289  
-0.0022678  0.000659514  0.000269478  0.0264472  0.00815075  0.0731702  
-0.0016479  0.000664702  0.000346052  0.0317771  -0.00415808  0.0902451  
-0.00177287  0.000701717  0.000311874  0.0290079  0.0145814  0.0767108  
-0.00200827  0.000954944  0.0003372  0.0225464  0.0137241  0.0877781  
-0.00152585  0.000639437  0.000340123  0.0300016  -0.01613  0.0992532  
-0.00247864  0.000688432  0.000384201  0.0263193  -0.00772089  0.0928028  
-0.00187795  0.00115504  0.000468594  0.0257023  -0.0161767  0.048219  
-0.00187795  0.00115504  0.000314732  0.0157029  -0.0196645  0.0440515  
-0.00174087  0.000524599  0.000384201  0.0116923  -0.00444782  0.0797218  
-0.00168937  0.00105966  0.000384201  0.00752766  -0.0235596  0.0412117  
-0.00132242  0.00044281  -1.82336e-05  -3.98771e-05  -0.00660781  0.0596171  
-0.00112503  -0  0.000384201  -0.011807  -0.0264931  0.0339466  
-0.00159227  0.000163209  0.000384201  -0.00436923  -0.0264816  0.0333723  
-0.00113508  0.000352315  0.000116894  -0.00218283  -0.0151261  0.0591484  
-0.000902988  0.000430654  0.00044816  -1.16281e-08  0.00152552  0.0362694  
-0.00107251  0.000442595  -1.61757e-05  -0.0074184  0.00387375  0.060051  
-0.000528844  0.000299277  -0.000145612  -2.54305e-05  -0.00218951  0.04453  
-0.00112378  0.000260404  0.000486516  -8.84911e-06  -0.0164887  0.0239211  
-0.00128123  -0.000166141  -0.000133512  4.52105e-06  0.00778133  0.0681689  
-0.00114484  -0.000326823  0  9.39118e-07  -0.0163902  0.0433027  
0  -0  0  0  0  0  
-0.000326228  -0  -0.000439051  -0.0136002  -0.0161503  0.0806391  
0.000690015  -0  0.000419825  9.42426e-06  -0.00021647  0.0129528  
0.000182877  -0.000271565  -0.000469981  -0.018897  0.0118404  0.0681586  
0.00158864  0.00025  0.000156644  -2.94563e-05  -0.045819  -0.0124293  
3.84061e-05  0.000156977  0.000451218  -5.02947e-05  0.0270142  0.0681197  
-0.000264448  0.000227107  0.000448996  0.00796135  -0.036664  0.0514482  
0.000703961  -0.000323383  0.000448996  0.0154256  -0.0041394  0.0197782  
-0.00116973  0.000216356  0.000233554  0.0051279  -0.00416937  0.0995068  
0.000315913  -0.000139882  0.000448996  0.0190504  -0.0204611  0.0498255  
-0.000749619  0.000216356  0.000448996  0.0185029  0.00377138  0.0464754  
-0.000135892  2.09112e-05  0.000245048  -2.65663e-05  -0.00428097  0.0862551  
0.00115465  -0.00047117  0.000448996  0.0336011  0.00291062  0.000965744  
-0.000866634  -0.000415191  0.000590983  0.0574166  0.0514238  0.0019941  
-0.000608585  -0.00035213  0.000727647  0.0574361  0.0513873  0.00180826  
0.000917475  -0.00035213  0.00082425  0.0599201  0.0487892  -0.0359002  
0.00105223  -0.00035213  0.000651577  0.0574038  0.0617339  -0.00588092  
0.000385791  -0.00035213  0.00082961  0.0738255  0.0513604  -0.0148987  
0.000690921  -0.000199416  0.00069998  0.0717661  0.0634975  -0.0216444  
-0.000671014  -1.48825e-05  0.000672999  0.0795872  0.0514134  0.0229559  
-0.000702809  -0.000167149  0.00112221  0.0964327  0.0513043  -0.00695109  
-0.000898301  -0.000117654  0.000866837  0.0827348  0.0794113  -0.00700168  
-0.000955614  -0.00035213  0.000842772  0.0858478  0.0513369  0.00224081  
0.000496327  -0.00035213  0.00112221  0.0858704  0.05749  -0.0668437  
-0.000449704  -0.00035213  0.00059054  0.0657475  0.0538961  0.0344939  
0.000866151  -0.00035213  0.00100394  0.0858706  0.0278081  -0.00309754  
-4.96415e-05  -0.00035213  0.00112221  0.0976889  0.0510689  -0.0350878  
-0.000159548  -7.14853e-05  0.000705795  0.0858284  0.0511254  0.0423189  
0.000889721  -0.00035213  0.000939988  0.0991581  0.0510175  -0.000102545  
-0.000808092  -0.000171701  0.000953043  0.100146  0.0705581  -0.0147206  
-0.000659687  -0.00035213  0.00105642  0.114374  0.0510912  0.0134116  
0.00058005  -0.00035213  0.0011567  0.126656  0.0510514  -0.0166536  
-0.0005931  -0.00035213  0.00105642  0.126648  0.0735693  0.013831  
0.000254929  -0.00035213  0.00105642  0.102834  0.0683512  0.00260339  
0.000915356  -0.00035213  0.000985858  0.121148  0.0670148  0.0106921  
-9.56698e-05  8.5263e-05  0.00069784  0.119095  0.070115  0.0443449  
0.00109736  -0.00035213  0.00125622  0.124548  0.0448322  0.00524842  
-0.00047974  -0.000162494  0.00108048  0.118196  0.0785353  0.0305816  
0.000867676  -0.00035213  0.00100271  0.102778  0.0648984  0.0185897  
-2.08078e-05  -0.00035213  0.000892148  0.0848998  0.011721  0.0892425  
0.000364737  -0.000735273  0.000986791  0.0925085  0.0270206  0.0812989  
0.000416535  -0.000506059  0.00107786  0.102809  0.0100067  0.0690704  
0.000170099  -0.00035213  0.00101091  0.102788  0.0453602  0.108219  
0.000348264  -0.00035213  0.00140577  0.102813  0.0265315  0.0523463  
0.000349993  -0.00035213  0.000995252  0.102774  0.056147  0.0901735  
0.00190261  -0.000846791  0.00100258  0.102776  0.0490301  0.0594987  
0.000810974  -0.000789632  0.00119934  0.119177  0.0490106  0.0440154  
0.000715599  -0.000693919  0.00083819  0.0768731  0.0386631  0.100967  
0.000502664  -0.000571647  0.00106358  0.108016  0.0232304  0.0917589  
0.000273295  -0.000569731  0.00101167  0.101297  0.0356112  0.083451  
0.00234423  -0.000782543  0.000885346  0.0919566  0.0594702  0.0150604  
0.000266363  -0.000490229  0.00110157  0.107934  0.0518678  0.0815238  
0.000212524  -0.000545339  0.00110169  0.0988116  0.0231806  0.0817468  
0.0013929  -0.000763811  0.00122865  0.109788  0.0462523  0.041289  
0.000895829  -0.000819323  0.000996686  0.106616  0.0938723  0.0428952  
0.000740294  -0.000800449  0.000939285  0.0980462  0.0543161  0.0607331  
0.000960854  -0.00102676  0.0010892  0.108006  0.0399701  0.0472312  
0.000119691  -0.000577389  0.00106266  0.0988648  0.0728033  0.073393  
0.00130594  -0.00075754  0.00102598  0.109664  0.0585315  0.0397493  
0.00214365  -0.000512251  0.00102598  0.0909701  0.0521766  0.00771994  
0.00290009  -0.000834204  0.000552868  0.029443  -0.00052336  0.0890624  
0.00202288  -0.00035213  0.0012834  0.0801268  0.0149508  0.0800368  
0.00132233  -0.00035213  0.00118854  0.0930924  0.0279487  0.0615483  
0.000876889  -0.000196247  0.00129793  0.0907036  0.027917  0.0888031  
0.00206082  -0.000178168  0.00172081  0.106374  0.0279423  0.047115  
0.000863474  -0.000178785  0.00128708  0.106363  0.0370655  0.105998  
4.07439e-05  1.67065e-05  0.00172081  0.115573  0.0277452  0.100993  
0.000871724  -0.000775955  0.00206822  0.137937  0.0642548  0.0458526  
0.00122799  -0.000737014  0.00224223  0.146223  0.0717069  0.065448  
0.00196274  -0.00046279  0.00260727  0.165264  0.0469966  0.0603328  
0.00245358  -0.000667128  0.00225441  0.179715  0.0749482  0.0425854  
0.00292783  -0.000371083  0.00249172  0.182762  0.0512456  0.00690849  
0.0023729  -0.000327332  0.00252022  0.183939  0.0210946  0.0191666  
