-0.00609689  0.00217441  0.000252664  0.108053  -0.0384939  -0.195582  
-0.00552543  0.00191841  0.00028801  0.103426  -0.0376364  -0.15521  
-0.00492348  0.00178043  0.000414844  0.102688  -0.00676587  -0.141774  
-0.00497686  0.00178043  0.000141833  0.0980641  -0.0331805  -0.145867  
-0.00524652  0.00178043  0.000141833  0.106828  -0.00669243  -0.158214  
-0.00484625  0.00207007  0.000707694  0.0800733  -0.0646891  -0.136235  
-0.00521931  0.00178043  0.000596603  0.0800826  0.0137422  -0.152677  
-0.00560142  0.00178043  0.000433422  0.0715713  -0.0284777  -0.225669  
-0.00463774  0.0021143  0.000345833  0.05962  -0.0267785  -0.1579  
-0.0044318  0.00178043  0.000693151  0.06332  -0.0517426  -0.156349  
-0.00441766  0.00178043  0.000283826  0.0656231  0.00825402  -0.129517  
-0.00481394  0.00187682  0.000766676  0.0516448  -0.0340117  -0.149572  
-0.00423286  0.00203043  0.000144531  0.0803491  -0.00694957  -0.126025  
-0.00389766  0.00229603  0.000144531  0.0672168  -0.0774778  -0.124777  
-0.00442738  0.00187221  0.000196905  0.0767626  -0.0145128  -0.109723  
-0.00424725  0.00229603  0.000484426  0.0768229  -0.0279205  -0.125721  
-0.00468223  0.00170394  0.000179742  0.0767548  0.0042511  -0.133147  
-0.00452478  0.00182032  0.000179742  0.0706365  -0.0403381  -0.147319  
-0.00452478  0.00172164  0.000179742  0.0799935  0.0325515  -0.144738  
-0.0038863  0.00196529  0.00061775  0.0590989  -0.00338602  -0.129936  
-0.0038863  0.00218204  0.000179742  0.0590645  0.0491772  -0.137213  
-0.0031313  0.00177433  0.000179742  0.0590372  -0.00830074  -0.123225  
-0.00407244  0.00216485  0.000179742  0.0590815  0.031885  -0.128129  
-0.00349445  0.00201764  5.4038e-05  0.0590663  -0.0103767  -0.10669  
-0.00368979  0.00220017  0.000179742  0.0490717  0.0253681  -0.123543  
-0.00410339  0.00220017  0.000179742  0.0397777  -0.0356801  -0.102129  
-0.00381904  0.00211639  0.000179742  0.0469058  -0.00313853  -0.111937  
-0.00393403  0.00220017  0.000535981  0.0458491  -0.0357153  -0.108441  
-0.00459569  0.00160826  0.000179742  0.0568855  -0.0054109  -0.115674  
-0.00398454  0.00179807  0.000179742  0.0446822  0.000751083  -0.0894662  
-0.00434837  0.00143337  0.000179742  0.052097  0.0284248  -0.138845  
-0.00398454  0.00201842  0.000179742  0.0386007  -0.0156663  -0.102503  
-0.00331309  0.00203129  0.000179742  0.0467954  -0.0179305  -0.0881629  
-0.00376042  0.00203129  7.51964e-06  0.0385658  -0.0155836  -0.115891  
-0.00422985  0.00162094  0.000179742  0.0385371  -0.00938668  -0.085103  
-0.00313601  0.00169177  0.000179742  0.0556843  -0.0764963  -0.0850654  
-0.00344974  0.00164056  0.000179742  0.0393181  -0.0358154  -0.0675205  
-0.00303025  0.0017591  0.000550348  0.0428225  -0.0387122  -0.0622824  
-0.00303025  0.00197225  0.000302072  0.0393763  -0.0403193  -0.0540752  
-0.00347146  0.00197225  0.000179742  0.0393735  -0.0129371  -0.0831356  
-0.00303025  0.00207869  0.000179742  0.0393827  -0.0358376  -0.0669854  
-0.00407034  0.00154274  -0.000389666  0.0393193  0.021716  -0.0349232  
-0.00309192  0.00140587  0.000491643  0.0393093  -0.115119  -0.101325  
-0.0033304  0.00152609  0.000179742  0.0216111  -0.055504  -0.0968234  
-0.00327116  0.00191837  0.000361391  0.012446  -0.0434148  -0.107438  
-0.00280414  0.00116453  0.000470644  0.0286349  -0.0409994  -0.116284  
-0.0035563  0.00148842  0.000179742  0.0315356  0.00170459  -0.115896  
-0.00261722  0.00164096  0.000508877  0.0256943  -0.0634942  -0.085939  
-0.00261722  0.00164096  0.000466245  0.0286915  -0.0395245  -0.100378  
-0.00261722  0.00164096  0.000337236  0.0286822  0.0108937  -0.100553  
-0.00261721  0.00211149  0.000301214  0.0079147  -0.0418025  -0.0688266  
-0.00296846  0.00180844  -0.000393401  0.00781321  0.0165128  -0.0688031  
-0.0025323  0.00228607  -9.95497e-05  0.0078557  -0.0245539  -0.0708517  
-0.00224474  0.00232798  -0.000237896  0.00424314  0.019524  -0.0656938  
-0.00255601  0.00216072  -0.000336577  0.00783449  -0.00749875  -0.0748289  
-0.00191783  0.00251062  -0.000318729  -0.0254362  -0.0393728  -0.0318812  
-0.00223232  0.00240959  2.71626e-05  -0.015309  -0.00443101  -0.0318691  
-0.00342446  0.00194892  -0.000248306  -0.013505  0.0274446  -0.0269364  
-0.0025324  0.00247777  -5.71753e-05  -0.00576359  -0.0574941  -0.0422317  
-0.00231476  0.00203725  -0.000450172  -0.00991744  0.0195297  -0.0143723  
-0.00279922  0.00185759  -0.000462669  -0.00166796  -0.0100809  -0.0245414  
-0.00270073  0.00187722  2.76603e-06  -0.00991622  -0.067386  0.0107451  
-0.00283663  0.00191097  -0.000275102  -0.00990575  -0.00136352  -0.0246706  
-0.00279045  0.00203725  -0.00025488  0.00800588  -0.0578258  -0.063918  
-0.00294578  0.00139681  -0.000436307  -0.00625751  -0.0214397  -0.0501034  
-0.00295439  0.000937151  0.000346062  -0.0140982  -0.0351694  -0.0684568  
-0.00256583  0.00143918  -0.000172837  -0.0141224  0.00658559  -0.0772321  
-0.00256583  0.00143481  -2.21074e-05  -0.00787867  -0.043762  -0.0246723  
-0.00256583  0.00102223  -0.000150787  -0.0140964  0.0132494  -0.0539533  
-0.00212452  0.00113741  7.86322e-05  -0.0140832  -0.0352068  0.0245783  
-0.00187455  0.00151279  -2.08772e-05  -0.0140834  0.0102306  0.0103975  
-0.00255006  0.00062936  -0.000646707  -0.0140485  -0.0170905  -0.0399464  
-0.0027629  0.000301383  0.000440781  -0.0141157  0.00463495  -0.028759  
-0.00221018  0.000104874  0.000937244  0.00648553  -0.0187256  0.0157704  
-0.00183642  -0.000656182  -0.000511174  -0.0140483  0.0313671  0.0678363  
-0.00252323  -0.000977601  -0.00028763  -0.0140956  0.0238093  0.0144361  
0.00228263  -0.00092005  -0.000127148  -0.024102  -0.038173  0.0484191  
-0.00211797  -0.00119951  -0.000323935  -0.0141379  -0.0181006  0.0747773  
-0.000395958  -0.000314527  -0.000219226  -0.0479337  -0.0618967  0.128518  
1.99833e-05  -0.00062287  -0.000432948  -0.0306971  -0.0570182  0.135641  
-9.22638e-05  -0.00062287  -0.000987092  -0.0306767  0.0303219  0.140794  
-1.68006e-05  -0.000742976  -0.000775164  -0.0306701  -0.0552251  0.15366  
-0.000337682  -0.00062287  -0.000731643  -0.0306717  0.0358658  0.107667  
-0.000637299  -0.000981436  -0.000871323  -0.0306322  0.000180017  0.107913  
-0.00103045  -0.000833334  -0.000606485  -0.0335329  0.0149451  0.0946421  
-0.000132987  -0.000760656  -0.000606485  -0.0306443  -0.0396616  0.139611  
4.35903e-05  -0.00062287  -0.000606485  -0.0406447  0.0434435  0.153396  
0.000946145  -0.00062287  -0.000667544  -0.0306436  -0.0398974  0.158489  
0.000373297  -0.00111982  -0.000412582  -0.0306049  0.065327  0.151238  
-0.00012553  -0.00062287  -0.000395892  -0.0306024  -0.0599669  0.139758  
-2.64606e-06  -0.00113856  -0.000395892  -0.0305856  0.0767062  0.113884  
0.00104328  -0.001493  -0.000645892  -0.0221288  -0.0195128  0.132099  
0.000966677  -0.00108814  -0.000395892  -0.0305872  0.0131273  0.144552  
-0.000249512  -0.00108814  -0.000616991  -0.0305773  0.00643171  0.149888  
0.00125147  -0.00108814  -0.000492312  -0.0370167  0.0131312  0.165021  
0.000161975  -0.00125843  -0.000832794  -0.0305934  0.085668  0.142186  
0.0002638  -0.00114027  -0.000870618  -0.036654  0.0194275  0.153057  
0.000620984  -0.00108814  -0.000387339  -0.0306044  0.0263379  0.167758  
0.000265392  -0.00108814  -0.000387339  -0.0306044  0.0477584  0.136377  
-0.000276493  -0.00108814  -0.000265071  -0.0305927  0.0477437  0.136323  
-0.000447235  -0.00120873  -0.000457782  -0.0306019  0.0477491  0.119177  
7.61218e-05  -0.00108814  -0.000532901  -0.0525182  0.0602829  0.127495  
-1.96341e-05  -0.00125843  -0.000825986  -0.0525245  0.0747854  0.141364  
0.000755579  -0.00108814  -0.000583346  -0.0687157  -0.048536  0.140521  
-0.000162792  -0.00108814  -0.000685756  -0.0624939  0.0290453  0.119054  
0.00298731  -0.0012779  -0.000867167  -0.0684732  0.0364575  0.0429336  
-0.00132073  -0.00155785  -0.000550804  -0.0417971  0.0352549  0.108344  
0.000573787  -0.00121956  -0.000696034  -0.0524905  -0.0339576  0.136116  
0.000141341  -0.00125291  -0.000696034  -0.0364038  0.046992  0.148485  
0.000294649  -0.00151055  -0.00102886  -0.0363756  -0.0105161  0.125876  
0.000380927  -0.00133814  -0.000696034  -0.0464059  0.0623079  0.13586  
0.000557549  -0.00133814  -0.00108582  -0.0519054  0.0325535  0.107395  
0.00451643  -0.00168672  -0.000696034  -0.0500575  0.0414313  0.00897762  
-0.00203523  -0.00159755  -0.000849126  -0.064379  0.051711  0.0758976  
0.000767568  -0.00251323  -0.00117462  -0.0328169  0.00250692  0.0169536  
0.00231789  -0.00227821  -0.000640959  -0.0328141  0.0389613  0.0737153  
0.00159895  -0.00227821  -0.00102002  -0.0328127  -0.0185805  0.129206  
0.00127625  -0.00227821  -0.00114128  -0.045613  0.0262409  0.0870902  
0.00253257  -0.00189454  -0.00126562  -0.0484776  -0.00213537  0.0871455  
0.000585276  -0.00162171  -0.00151986  -0.0582176  0.0318982  0.141686  
0.00156858  -0.0016539  -0.00110424  -0.0582555  0.0278287  0.103625  
0.00282453  -0.00195887  -0.00110424  -0.0582164  0.038753  0.117385  
0.00314382  -0.00227822  -0.00110424  -0.0537594  0.0566933  0.132703  
0.00134751  -0.00227822  -0.00110424  -0.067697  0.0200529  0.166874  
0.00155241  -0.00285737  -0.00110424  -0.0556382  0.0441371  0.103905  
0.00255703  -0.00253739  -0.00110424  -0.0384535  0.0201412  0.10388  
0.000900654  -0.00259459  -0.00110424  -0.0573599  0.0556457  0.128106  
0.0028802  -0.00227822  -0.00130332  -0.0613084  0.0408078  0.103918  
0.00153677  -0.00227822  -0.00113016  -0.0574402  0.0368109  0.145818  
0.00191192  -0.00288818  -0.00120405  -0.0389259  0.0204031  0.156994  
0.00173612  -0.0023768  -0.00126356  -0.0581943  0.0203755  0.159542  
0.00124022  -0.00253123  -0.00126356  -0.0603137  -0.00134421  0.138556  
-0.000526377  -0.00251963  -0.00126356  -0.0554972  0.0925345  0.137838  
0.00140429  -0.00292735  -0.00126356  -0.0388761  -0.00614394  0.115499  
0.000951968  -0.00230148  -0.000671783  -0.0673747  -0.0154856  0.159479  
0.000439968  -0.00239105  -0.00110607  -0.0573586  -0.0182766  0.164584  
0.00120434  -0.00261117  -0.00120852  -0.0740133  0.00984511  0.135472  
0.000973407  -0.00261375  -0.00120852  -0.0642908  -0.0193516  0.175356  
0.000836833  -0.00162632  -0.000958517  -0.100004  0.0559986  0.187702  
0.000376123  -0.00208792  -0.00127226  -0.0949601  0.0393922  0.193514  
0.000147681  -0.00204188  -0.00120852  -0.0992784  -0.0236915  0.214045  
0.000756892  -0.00209835  -0.00126033  -0.0949754  0.0152183  0.229147  
0.00160939  -0.00170932  -0.00102721  -0.101571  -0.0256026  0.227122  
0.0010334  -0.00193613  -0.00120852  -0.112029  0.0383116  0.236967  
0.00102492  -0.0020842  -0.00120852  -0.110787  -0.0113612  0.237019  
0.00103741  -0.00215865  -0.00114147  -0.108745  0.0880972  0.250807  
